24205
353
4621
12163
32126
25951
17376
15893
31086
14181
28128
14011
25474
7619
688
8308
20266
29672
10914
7953
14213
5932
27830
23061
6414
5726
7170
19260
2813
27568
4533
2148
27857
6205
2950
15107
23585
11381
28795
15288
20016
28837
10160
15298
24280
6448
10217
31517
30855
8141
3432
25661
14277
15662
18161
13620
7650
5389
11587
19249
7318
2174
15928
5262
5931
25571
7319
22771
2460
11719
4096
16837
4895
4270
25352
23847
30135
28399
19488
30902
15313
18102
10498
29511
28909
11615
31734
11664
5162
4871
26862
3095
25564
19927
10253
18121
21087
13837
15660
25650
